0 110 68150
0 48 110902
0 282 72020
0 176 220192
0 71 164951
0 55 22700
0 47 325839
0 136 171783
0 151 34400
0 50 441099
0 67 474438
0 155 115098
0 40 514446
0 19 913102
0 302 55500
0 122 190185
0 61 372300
0 21 886030
0 100 279330
0 118 247564
0 138 175425
0 157 43267
0 89 367113
0 37 336769
0 11 659832
0 46 358062
0 81 129111
0 120 36375
0 128 83085
0 206 139524
0 17 503145
0 172 262594
0 45 53900
0 78 426824
0 25 723262
0 5 809574
0 2 1510808
0 235 117606
0 85 54400
0 7 732851
0 181 19440
0 63 101916
0 149 72523
0 16 1107213
0 143 12810
0 183 112068
0 30 1195101
0 225 52110
0 126 163399
0 127 59720
0 202 144231
0 133 224027
0 84 67375
0 76 547157
0 87 321661
0 223 71557
0 38 502806
0 95 54400
0 106 300258
0 239 48500
0 27 1033195
0 10 652386
0 91 138079
0 154 96715
0 44 355688
0 83 62370
0 174 1080
0 92 284942
0 54 860593
0 28 199964
0 8 492319
0 3 679619
0 102 215841
0 15 1216421
0 77 246739
0 398 9350
0 228 32400
0 32 577310
0 260 84653
0 18 1520415
0 93 69300
0 23 555804
0 275 43500
0 36 693453
0 161 188756
0 70 132912
0 29 1039108
0 51 360310
0 173 261300
0 115 116070
0 189 70972
0 130 328311
0 6 770395
0 39 856502
0 103 202436
0 34 109821
0 68 157585
0 65 124264
0 52 103140
0 1 1234310
0 64 486198
0 230 15175
0 56 558990
0 33 197325
0 179 192011
0 139 216469
0 14 1069691
0 4 617113
0 152 54250
0 20 670403
0 96 470080
0 109 4620
0 53 274926
0 94 103305
0 41 781815
0 73 378133
0 131 83020
0 75 176752
0 60 680280
0 26 380118
0 49 349165
0 86 647211
0 117 54600
0 62 346938
0 13 336710
0 12 419356
0 129 136631
0 35 128340
0 22 575474
0 43 155862
0 42 191160
0 111 361559
0 9 560866
0 177 36500
0 80 108867
0 98 359943
0 132 104490
0 24 1234255
0 146 159108
0 66 202476
0 69 115095
0 90 307547
0 298 57945
0 135 305183
0 116 90250
1 110 54450
1 48 84265
1 71 222640
1 263 25849
1 55 93844
1 142 168856
1 47 368818
1 151 54400
1 141 140276
1 50 601556
1 67 11525
1 155 85285
1 40 227843
1 72 54391
1 19 1162050
1 122 10582
1 99 118763
1 61 349885
1 21 687470
1 100 54000
1 118 53650
1 138 38602
1 89 56675
1 105 286079
1 37 574240
1 11 597658
1 46 560874
1 199 84090
1 81 97769
1 128 54400
1 17 682265
1 182 65461
1 78 228213
1 264 51491
1 25 925060
1 5 1420328
1 2 1233525
1 171 44163
1 85 354183
1 7 1030315
1 181 25524
1 63 117390
1 149 73720
1 16 1235594
1 153 54450
1 30 421622
1 134 72140
1 127 134553
1 74 52107
1 119 186486
1 84 377019
1 76 113599
1 87 105047
1 213 16498
1 31 75555
1 95 347150
1 106 32130
1 27 643652
1 10 788853
1 91 109257
1 372 18012
1 44 521541
1 174 23232
1 54 72550
1 28 43481
1 137 68634
1 8 954365
1 3 1839950
1 102 53848
1 15 1442016
1 97 51535
1 163 78229
1 191 59931
1 150 90350
1 32 608601
1 18 686182
1 93 252481
1 36 267665
1 70 248396
1 29 694420
1 51 317883
1 273 14221
1 115 112488
1 227 13350
1 88 323704
1 6 1292439
1 39 277199
1 233 10771
1 103 35026
1 34 162108
1 68 173244
1 65 340139
1 52 228
1 64 125428
1 230 13694
1 427 11305
1 56 118891
1 33 449012
1 14 1215775
1 4 846534
1 152 129640
1 20 669633
1 109 64242
1 53 434649
1 94 87833
1 41 353125
1 73 227296
1 57 106580
1 131 53550
1 75 367789
1 166 125019
1 60 221436
1 26 584843
1 49 273182
1 86 56000
1 117 120142
1 62 186997
1 13 828937
1 12 1403826
1 124 70350
1 35 555526
1 22 419199
1 43 198172
1 42 505981
1 193 49850
1 9 814852
1 177 88827
1 80 283362
1 132 88298
1 24 468769
1 66 247832
1 69 153909
1 164 132110
1 90 104566
1 116 117412
2 257 90464
2 48 368022
2 272 81277
2 208 32640
2 113 165830
2 55 16720
2 47 706257
2 50 181978
2 67 148051
2 40 355559
2 72 28315
2 19 626658
2 250 13039
2 122 134413
2 61 25477
2 59 152220
2 489 15639
2 21 335243
2 100 54200
2 89 54300
2 105 53734
2 37 198239
2 218 74052
2 11 384590
2 46 217976
2 81 296048
2 120 162604
2 17 390557
2 78 80429
2 25 511022
2 5 1150527
2 212 14362
2 85 94308
2 7 462564
2 181 50336
2 387 15966
2 63 376435
2 16 519661
2 112 81528
2 30 455469
2 219 94826
2 127 35049
2 316 47719
2 84 49063
2 76 118144
2 87 55148
2 289 16016
2 213 21472
2 31 148833
2 360 15741
2 38 230511
2 123 1080
2 106 151781
2 27 399547
2 10 844453
2 91 249523
2 253 1530
2 201 150856
2 44 274821
2 174 37840
2 92 118702
2 54 270516
2 28 149140
2 8 990103
2 276 78863
2 3 1036428
2 104 174205
2 180 48230
2 15 818075
2 97 180817
2 77 318843
2 240 58254
2 107 125465
2 32 545485
2 18 633071
2 23 386524
2 36 361758
2 162 101161
2 161 38050
2 29 607010
2 51 168352
2 189 56466
2 130 54450
2 88 13423
2 6 510120
2 39 415633
2 233 12528
2 34 295186
2 58 75555
2 68 328599
2 65 150528
2 52 361833
2 64 135450
2 56 211253
2 33 326312
2 14 546737
2 4 869649
2 20 309998
2 439 7086
2 96 54500
2 109 96298
2 41 385831
2 73 135901
2 57 107328
2 60 23091
2 26 581157
2 49 716495
2 86 83030
2 62 137075
2 13 606243
2 12 747571
2 124 97919
2 129 206555
2 35 374428
2 279 72508
2 22 450081
2 43 215043
2 42 514862
2 283 71097
2 9 554888
2 98 36300
2 24 492089
2 66 346586
2 69 378239
2 255 94129
2 254 96781
2 90 76427
2 135 13775
2 377 9310
2 116 248767
3 48 317096
3 55 43372
3 167 9775
3 47 144175
3 214 61830
3 40 196004
3 72 37575
3 19 521081
3 21 169254
3 147 100
3 258 61830
3 37 152702
3 11 232171
3 46 44405
3 81 133856
3 17 285773
3 5 1167244
3 7 464499
3 181 1232
3 63 212685
3 144 32075
3 16 696785
3 112 216217
3 30 123024
3 31 1517349
3 38 52746
3 27 666421
3 10 583558
3 44 79777
3 351 33510
3 368 30750
3 28 1404735
3 82 203345
3 8 2253992
3 79 110834
3 32 296158
3 18 280430
3 23 427379
3 36 180289
3 160 18225
3 29 434609
3 51 67312
3 175 149420
3 6 509007
3 39 157601
3 34 1223330
3 58 531798
3 52 84330
3 310 51885
3 33 473715
3 14 391244
3 4 1567073
3 20 248582
3 109 200736
3 57 305959
3 26 568655
3 49 50922
3 125 224157
3 185 155578
3 13 1007655
3 12 1326899
3 35 1093303
3 22 808519
3 43 527202
3 296 61830
3 42 86016
3 9 464999
3 220 1122
3 24 109350
3 66 31734
3 69 313603
3 447 5760
3 251 43560
4 48 935455
4 167 26270
4 47 369351
4 50 40262
4 214 68996
4 67 50005
4 121 6425
4 40 147473
4 72 101612
4 19 119961
4 61 50005
4 59 508387
4 21 427320
4 258 29045
4 37 209108
4 11 88310
4 46 244223
4 81 114565
4 17 174454
4 25 97683
4 5 962187
4 212 49429
4 85 86995
4 7 464061
4 63 598874
4 144 43175
4 16 365920
4 112 89585
4 294 62285
4 30 54750
4 269 13642
4 74 83235
4 200 46213
4 31 41588
4 38 263243
4 27 63016
4 10 529005
4 91 73100
4 253 16340
4 44 212439
4 28 260180
4 8 1594065
4 97 173173
4 77 49817
4 32 414790
4 18 142628
4 23 406362
4 36 54329
4 160 8950
4 29 47730
4 51 155623
4 175 43750
4 6 659329
4 39 152165
4 233 12173
4 34 533320
4 58 22728
4 68 149308
4 65 288132
4 52 887322
4 33 521559
4 420 16587
4 14 279803
4 20 180451
4 397 12711
4 109 91179
4 53 99941
4 41 105067
4 57 374424
4 26 1111717
4 49 313246
4 125 87150
4 185 31806
4 343 34500
4 62 50005
4 13 758598
4 12 566407
4 35 576715
4 22 701439
4 43 568411
4 42 553231
4 9 654620
4 328 11433
4 24 127776
4 66 143574
4 69 457506
4 251 56376
5 48 396850
5 438 10649
5 469 17765
5 113 24614
5 55 19944
5 167 256232
5 47 237593
5 50 1638
5 474 17632
5 121 135022
5 198 36694
5 40 36300
5 72 233275
5 19 359013
5 59 87248
5 21 382622
5 147 71208
5 464 7448
5 485 17090
5 105 60572
5 37 173607
5 11 153514
5 46 72051
5 459 11723
5 321 4816
5 81 312017
5 237 59085
5 17 229758
5 315 49266
5 25 49597
5 388 13479
5 212 75605
5 85 133560
5 7 398335
5 384 18563
5 181 70930
5 63 36400
5 144 36930
5 16 445015
5 153 49255
5 112 47050
5 30 114656
5 269 20681
5 134 91125
5 376 21992
5 339 18601
5 74 145142
5 200 85136
5 289 49218
5 213 81517
5 31 27402
5 408 12730
5 27 558045
5 10 717024
5 91 141992
5 186 3512
5 253 20700
5 44 209161
5 174 92013
5 28 59473
5 82 564
5 416 21717
5 8 713334
5 371 18667
5 363 12730
5 15 466112
5 163 64634
5 32 560038
5 389 17641
5 18 263428
5 23 400471
5 36 133549
5 29 221005
5 51 145969
5 115 36050
5 88 84950
5 145 57390
5 6 811705
5 39 242767
5 233 68365
5 34 254322
5 68 208921
5 65 377760
5 52 232171
5 33 514694
5 14 335563
5 152 32625
5 346 11789
5 20 183357
5 159 34575
5 109 2850
5 476 17575
5 168 114657
5 345 20425
5 429 18829
5 57 225553
5 60 9362
5 338 36119
5 26 505547
5 49 123121
5 125 69400
5 13 842435
5 12 962589
5 124 56300
5 403 22030
5 35 412154
5 22 764241
5 43 340119
5 42 305022
5 9 532371
5 328 29231
5 24 136682
5 66 135395
5 69 166729
5 477 17565
5 377 6244
5 445 3154
6 48 115296
6 262 49702
6 71 3300
6 263 46937
6 55 218962
6 167 19967
6 142 72522
6 323 17663
6 47 87700
6 141 40780
6 50 133253
6 121 118334
6 198 164098
6 270 54522
6 425 11362
6 155 13158
6 40 133545
6 72 131541
6 19 406249
6 287 44353
6 61 64619
6 21 237150
6 147 110096
6 105 153108
6 37 269773
6 11 200651
6 46 172589
6 274 35853
6 81 95592
6 17 397390
6 182 106070
6 78 47507
6 264 35224
6 25 300519
6 171 248047
6 85 191332
6 7 839657
6 271 48722
6 181 21534
6 16 379217
6 108 18042
6 153 286718
6 170 30200
6 30 65857
6 126 58996
6 134 253632
6 74 138806
6 207 159070
6 406 17
6 119 192245
6 84 184573
6 158 63600
6 213 16428
6 358 6936
6 31 122570
6 95 55195
6 123 1980
6 27 157946
6 10 394642
6 91 36450
6 253 8010
6 44 221771
6 320 18734
6 426 11343
6 174 13082
6 54 46455
6 28 63750
6 341 18012
6 137 70481
6 8 399514
6 15 376629
6 163 91376
6 191 144944
6 150 56955
6 32 255329
6 18 330957
6 284 35819
6 23 596987
6 36 385889
6 29 121667
6 51 394678
6 115 69472
6 243 109482
6 88 238409
6 145 80700
6 39 97236
6 68 52082
6 65 297543
6 52 95248
6 33 283435
6 14 357026
6 152 31654
6 346 238
6 20 291144
6 96 2340
6 109 38172
6 53 86083
6 94 900
6 168 141747
6 41 125834
6 293 20298
6 73 18400
6 57 93408
6 166 198354
6 60 113355
6 26 247613
6 49 86948
6 117 30644
6 62 87709
6 13 551376
6 12 412344
6 124 170
6 35 141656
6 22 276947
6 43 156048
6 42 148318
6 267 54825
6 9 545923
6 231 116388
6 24 175802
6 66 52200
6 69 56572
6 164 34866
6 90 3275
7 110 103815
7 140 37272
7 71 149554
7 55 40158
7 297 30906
7 142 63971
7 141 176681
7 50 180314
7 187 34391
7 67 95367
7 155 40922
7 40 360973
7 19 409782
7 99 54150
7 61 184929
7 21 383484
7 147 4696
7 118 73324
7 89 52850
7 105 28175
7 37 299579
7 11 337394
7 46 243635
7 199 46206
7 128 39814
7 17 354825
7 182 50889
7 78 146040
7 25 344723
7 85 56301
7 181 1940
7 205 48741
7 188 79924
7 149 54916
7 16 556990
7 30 286712
7 126 229392
7 127 131766
7 119 157109
7 84 344035
7 76 118324
7 87 93675
7 31 22480
7 95 100529
7 27 228633
7 10 439106
7 44 320517
7 54 121021
7 28 90075
7 418 21947
7 137 234181
7 8 426353
7 102 112664
7 15 653200
7 77 31825
7 150 253461
7 32 173366
7 18 546171
7 93 115410
7 23 635516
7 36 380012
7 70 202614
7 29 211861
7 51 318071
7 273 51578
7 115 35448
7 227 48212
7 88 178889
7 39 110368
7 103 69810
7 34 58656
7 65 34550
7 64 127250
7 56 139022
7 33 97620
7 14 505613
7 152 28526
7 20 290131
7 313 48849
7 96 1200
7 53 184962
7 94 67502
7 41 159912
7 73 119998
7 57 1488
7 131 46342
7 75 131932
7 60 266127
7 26 119943
7 49 22816
7 86 38614
7 117 153332
7 190 36074
7 62 145387
7 13 309816
7 12 231138
7 124 750
7 35 91552
7 42 53586
7 111 35772
7 9 696194
7 80 140112
7 132 87849
7 24 419035
7 164 164199
7 90 86802
7 433 4947
8 48 273849
8 71 50005
8 113 50005
8 47 144535
8 50 10938
8 67 50005
8 40 149819
8 72 99687
8 19 103778
8 61 50005
8 59 578346
8 21 231834
8 37 221021
8 11 81497
8 46 201613
8 81 47264
8 17 243528
8 25 42077
8 63 98500
8 16 516157
8 112 70515
8 30 53687
8 356 27478
8 38 196794
8 27 106805
8 10 393054
8 253 1260
8 44 176757
8 28 480055
8 104 49794
8 97 44226
8 77 50005
8 107 49682
8 32 309244
8 18 53325
8 23 456305
8 36 54020
8 29 150495
8 51 56672
8 39 49868
8 34 577419
8 68 4247
8 65 144740
8 52 506324
8 64 50005
8 33 342779
8 14 356224
8 20 147394
8 159 64
8 109 21780
8 41 21202
8 57 577788
8 26 681353
8 49 194967
8 125 7650
8 62 50005
8 13 694504
8 12 977225
8 35 529896
8 22 749392
8 43 432255
8 42 430674
8 9 312508
8 24 100731
8 66 50005
8 69 187029
9 48 258465
9 263 14687
9 55 32752
9 47 165130
9 50 171726
9 67 50005
9 155 103434
9 40 161831
9 19 249551
9 458 18563
9 21 418870
9 457 18629
9 105 156198
9 37 458750
9 11 346463
9 46 358615
9 199 66238
9 81 116048
9 319 44776
9 17 190587
9 78 120456
9 25 281997
9 472 17719
9 85 205611
9 149 44718
9 16 334742
9 30 211881
9 134 78825
9 219 5800
9 127 24550
9 84 43696
9 31 80860
9 38 396124
9 27 176829
9 10 261323
9 91 190831
9 44 271693
9 54 146316
9 28 119905
9 301 37903
9 418 1529
9 102 10557
9 15 345564
9 77 396160
9 163 96704
9 32 740914
9 18 515223
9 23 604721
9 36 168487
9 29 204270
9 51 125964
9 468 17793
9 115 273759
9 88 65960
9 39 191751
9 399 25403
9 58 78582
9 68 360783
9 65 295518
9 52 63538
9 64 120977
9 470 17755
9 300 18582
9 33 144259
9 14 352404
9 152 107429
9 20 234287
9 41 173197
9 73 95080
9 60 127188
9 26 206148
9 49 237891
9 117 73548
9 62 357174
9 13 293815
9 12 265098
9 124 271651
9 129 43202
9 35 98447
9 22 245249
9 43 134042
9 42 185280
9 193 78839
9 231 7760
9 24 276847
9 66 418107
9 90 10544
9 318 18553
9 116 72453
10 48 204812
10 208 64737
10 113 66048
10 55 22007
10 47 478427
10 67 113806
10 40 117096
10 19 217410
10 250 87374
10 252 99299
10 122 124111
10 21 299402
10 100 29500
10 89 30275
10 37 302787
10 218 72785
10 11 230277
10 46 132790
10 81 94665
10 120 178259
10 128 6142
10 17 132244
10 45 377658
10 78 25789
10 25 290123
10 212 14300
10 85 15819
10 277 77885
10 181 21041
10 63 163202
10 16 575638
10 30 289095
10 133 82838
10 76 43693
10 87 33698
10 289 2328
10 213 19848
10 31 174013
10 123 81633
10 106 46537
10 27 208266
10 91 44318
10 253 1440
10 201 43386
10 44 153683
10 174 1612
10 92 44923
10 54 125794
10 28 36304
10 104 69095
10 268 82224
10 102 25732
10 180 138858
10 15 386827
10 77 68191
10 240 53753
10 107 85465
10 32 171072
10 18 356969
10 36 259680
10 162 243326
10 29 406062
10 51 47602
10 189 40413
10 130 52159
10 39 581952
10 233 15450
10 34 146547
10 68 174781
10 65 95086
10 52 97904
10 64 42861
10 56 104323
10 33 119920
10 14 344617
10 20 247024
10 96 114621
10 109 9825
10 41 139356
10 73 5400
10 57 61304
10 60 76199
10 26 288405
10 49 494294
10 86 8400
10 62 84509
10 13 296094
10 12 375315
10 129 86209
10 35 132244
10 22 219263
10 43 105349
10 42 174152
10 24 295683
10 66 192621
10 69 111235
10 90 34255
10 337 37360
10 116 10560
11 110 45621
11 176 54975
11 480 17480
11 71 97507
11 136 206221
11 50 227408
11 67 197681
11 40 219623
11 19 480121
11 122 52200
11 61 138389
11 21 512340
11 100 159700
11 118 19879
11 138 112626
11 157 87302
11 89 313351
11 37 227424
11 46 191392
11 128 69970
11 206 37333
11 17 165137
11 78 98398
11 25 448724
11 236 115277
11 16 458378
11 183 141616
11 30 350785
11 225 80107
11 202 49611
11 76 334485
11 87 148369
11 234 118566
11 106 86050
11 239 19665
11 27 222063
11 154 288584
11 44 231184
11 92 52700
11 54 312202
11 102 52943
11 15 497031
11 77 53500
11 398 6764
11 228 30267
11 32 187209
11 18 451038
11 93 82598
11 23 107750
11 36 255570
11 161 58730
11 70 97440
11 29 280020
11 51 114903
11 130 52100
11 39 227546
11 103 312135
11 295 61773
11 64 276355
11 56 282198
11 292 64173
11 139 61611
11 14 513482
11 20 485238
11 96 164403
11 53 211849
11 41 396229
11 73 331887
11 131 128163
11 75 95148
11 60 262796
11 26 84569
11 86 264301
11 62 118540
11 13 98745
11 12 177954
11 111 100818
11 80 99530
11 98 40885
11 24 350692
11 146 106294
11 90 134817
11 116 49450
12 209 94845
12 55 27840
12 167 1615
12 214 29190
12 72 91019
12 19 467178
12 59 284011
12 21 130848
12 367 10890
12 333 40020
12 37 85344
12 17 176622
12 181 17600
12 144 153764
12 16 511650
12 112 104775
12 31 762985
12 27 505423
12 253 2880
12 28 989760
12 82 128310
12 79 82402
12 32 37935
12 18 64520
12 23 256800
12 36 67363
12 160 153203
12 29 275364
12 51 27552
12 324 43530
12 175 92790
12 39 50553
12 58 309435
12 33 634060
12 14 344794
12 20 208972
12 109 127150
12 242 72855
12 197 32670
12 57 194063
12 26 485267
12 125 102805
12 185 52305
12 62 163
12 13 932316
12 22 426670
12 43 159330
12 42 475394
12 69 1008
12 305 280
13 48 49862
13 309 51985
13 55 968027
13 481 380
13 121 59195
13 244 107999
13 40 50005
13 72 308040
13 19 74629
13 224 20457
13 59 187410
13 21 14033
13 147 45837
13 311 51837
13 17 153558
13 25 43680
13 288 68820
13 144 76956
13 16 322077
13 108 102665
13 112 33830
13 170 51051
13 74 924403
13 158 46494
13 194 22044
13 31 284178
13 27 240899
13 253 5490
13 28 262232
13 114 172915
13 148 173134
13 97 12175
13 222 47316
13 32 59401
13 23 203230
13 36 86978
13 160 43334
13 29 6369
13 145 74622
13 437 15800
13 34 681335
13 58 69084
13 52 202752
13 33 612868
13 14 127966
13 226 540
13 20 170555
13 159 130901
13 109 73318
13 248 56933
13 197 44141
13 57 300481
13 26 399996
13 343 540
13 203 20286
13 35 536298
13 22 519705
13 43 464346
13 42 365069
13 220 34716
13 69 100249
13 245 105129
14 110 84508
14 178 2775
14 140 18563
14 71 235190
14 151 109036
14 50 321101
14 217 43866
14 187 67802
14 156 20276
14 67 32100
14 40 101315
14 19 833627
14 99 162819
14 61 237841
14 21 261207
14 100 43460
14 157 38199
14 89 22837
14 37 161917
14 46 228552
14 128 29560
14 17 335393
14 78 34809
14 25 221141
14 205 46437
14 16 2116
14 30 402799
14 452 19152
14 76 129877
14 87 45059
14 95 79071
14 304 54945
14 27 130975
14 44 177853
14 285 12891
14 83 82909
14 210 30172
14 54 185434
14 28 19900
14 380 5415
14 102 10266
14 15 163021
14 228 11492
14 32 125526
14 18 645024
14 93 112554
14 23 200700
14 36 90700
14 70 249709
14 29 360217
14 51 111066
14 39 98929
14 241 2775
14 64 212010
14 230 38145
14 56 136952
14 139 70638
14 20 611065
14 53 283038
14 94 176284
14 322 13832
14 41 294233
14 73 216903
14 131 39326
14 75 224699
14 60 76367
14 26 99293
14 238 90755
14 190 55685
14 62 39828
14 22 110970
14 177 51837
14 80 204860
14 24 396503
14 90 19009
15 178 29661
15 71 51675
15 217 13232
15 156 22355
15 67 36450
15 40 134831
15 19 1638087
15 99 60698
15 61 173282
15 21 101731
15 100 23404
15 157 29011
15 89 58058
15 37 248550
15 46 220998
15 17 377173
15 78 42541
15 25 1551020
15 181 2816
15 30 671815
15 76 139805
15 87 48292
15 38 94363
15 211 13005
15 27 152879
15 44 174110
15 210 53576
15 54 50950
15 380 17898
15 32 156990
15 18 502466
15 93 28656
15 23 445515
15 36 164486
15 70 74586
15 29 468802
15 51 138678
15 39 56171
15 241 13882
15 103 87488
15 64 111564
15 56 280247
15 139 70668
15 20 400879
15 53 94019
15 94 113511
15 41 363816
15 73 143860
15 131 5236
15 75 117633
15 60 40452
15 86 39100
15 62 33200
15 80 94143
15 24 285219
15 164 370
15 116 16037
16 178 11646
16 71 63597
16 55 15372
16 47 65578
16 136 28979
16 50 77639
16 217 931
16 67 31825
16 40 84769
16 19 553858
16 99 66745
16 61 123781
16 21 94901
16 100 30991
16 89 37450
16 37 251736
16 46 182956
16 17 318808
16 172 2000
16 78 28969
16 25 210850
16 85 11518
16 181 22977
16 30 514427
16 84 20214
16 76 65505
16 87 50255
16 213 4520
16 31 84262
16 95 2275
16 27 213045
16 44 114950
16 54 108656
16 102 5309
16 32 81572
16 18 645521
16 23 379166
16 36 137534
16 70 109737
16 29 491286
16 51 149264
16 39 167282
16 233 2015
16 241 1862
16 103 34772
16 34 33712
16 68 5025
16 65 14831
16 64 71151
16 56 342146
16 33 61415
16 20 373629
16 53 136638
16 94 69782
16 41 267743
16 73 103857
16 75 74039
16 60 136471
16 26 156229
16 49 40831
16 86 38569
16 62 45133
16 195 6401
16 35 43861
16 22 141797
16 42 106082
16 111 51611
16 80 66347
16 24 301235
16 90 31442
17 110 71125
17 48 111443
17 140 13525
17 71 138164
17 142 84309
17 47 103540
17 136 68620
17 151 54375
17 141 67400
17 50 247124
17 156 55960
17 67 166909
17 40 137078
17 19 325867
17 99 48147
17 61 56715
17 21 251959
17 100 96703
17 118 91685
17 138 88427
17 157 52152
17 89 51993
17 105 69302
17 327 18250
17 37 276138
17 46 329780
17 81 54995
17 128 56798
17 172 11146
17 78 125958
17 25 265789
17 85 88150
17 181 2880
17 149 95052
17 30 176061
17 126 52304
17 127 100643
17 119 54068
17 84 138537
17 76 124510
17 87 116596
17 38 54780
17 95 54500
17 106 69150
17 27 146479
17 91 35975
17 44 189834
17 83 55200
17 92 54025
17 54 133261
17 28 148618
17 137 64991
17 102 222893
17 77 53500
17 32 200633
17 18 295414
17 93 87975
17 23 54390
17 36 175480
17 70 125370
17 29 98293
17 51 238133
17 173 5200
17 88 51437
17 39 186497
17 103 59480
17 68 64200
17 65 75680
17 64 137797
17 56 114926
17 33 208331
17 179 5200
17 20 221585
17 53 142732
17 94 108196
17 41 230222
17 73 172445
17 131 61527
17 75 54650
17 60 89584
17 26 132596
17 49 113684
17 86 70575
17 117 111912
17 62 254396
17 22 364787
17 111 56370
17 177 54750
17 80 105839
17 98 18350
17 132 129492
17 24 282406
17 146 82480
17 66 54400
17 69 99112
17 90 135694
17 135 5200
18 48 99873
18 140 104880
18 71 100010
18 47 49682
18 50 267198
18 67 49555
18 155 936
18 40 246359
18 19 390192
18 61 50264
18 21 355549
18 118 26463
18 37 155973
18 46 203125
18 172 5951
18 78 848
18 25 150060
18 143 46682
18 30 419327
18 126 4446
18 76 54725
18 38 51413
18 106 1400
18 27 376202
18 44 263734
18 83 95283
18 92 47387
18 54 6900
18 28 636943
18 32 146040
18 23 432481
18 36 173476
18 70 112203
18 29 540934
18 51 105756
18 173 12177
18 39 287944
18 65 5964
18 64 99797
18 56 78165
18 179 5814
18 139 35334
18 165 309
18 20 374340
18 96 51010
18 53 244156
18 41 182792
18 75 23985
18 60 59780
18 49 50005
18 62 104773
18 22 147098
18 98 112747
18 24 41285
18 135 10602
19 110 21756
19 178 50181
19 71 28929
19 407 12635
19 156 161106
19 381 23389
19 40 24605
19 99 65655
19 61 69325
19 21 431591
19 147 77
19 100 3392
19 37 137081
19 46 101587
19 25 723164
19 205 2571
19 30 221557
19 76 36450
19 95 67204
19 211 16775
19 27 334092
19 44 49850
19 83 54180
19 210 7881
19 28 282659
19 32 24906
19 93 36315
19 23 181792
19 36 81493
19 29 371132
19 51 95334
19 241 25110
19 103 4750
19 64 38406
19 56 121026
19 20 399832
19 357 32392
19 94 124527
19 41 233048
19 73 83967
19 335 21280
19 75 62550
19 60 101714
19 413 18525
19 26 45606
19 35 107261
19 22 177981
19 80 51321
19 24 152005
20 110 156798
20 71 187597
20 334 27006
20 344 17537
20 151 160832
20 141 40455
20 50 257629
20 462 18401
20 187 80712
20 67 43700
20 421 6697
20 379 11485
20 40 128437
20 99 77029
20 61 199988
20 21 345836
20 100 27869
20 118 121790
20 157 76528
20 89 25679
20 105 8300
20 327 14335
20 37 67394
20 46 125806
20 128 98938
20 78 152889
20 25 314262
20 383 26020
20 205 85825
20 188 153685
20 149 41470
20 428 22486
20 30 210216
20 127 71373
20 84 90350
20 76 120387
20 87 61470
20 280 48416
20 95 80889
20 239 44458
20 27 138602
20 44 232432
20 285 55988
20 210 77030
20 28 51366
20 423 20729
20 325 32205
20 137 34126
20 365 30875
20 102 70034
20 77 29350
20 392 25937
20 398 9300
20 228 52388
20 150 12578
20 32 167271
20 93 212647
20 23 66550
20 36 50300
20 336 27844
20 70 151062
20 29 144433
20 51 188436
20 88 52750
20 39 90916
20 65 8700
20 64 140552
20 56 108150
20 373 30248
20 53 210648
20 94 100080
20 322 30410
20 41 178849
20 73 129221
20 131 86868
20 75 173141
20 60 56819
20 26 156785
20 117 81973
20 238 18
20 190 90465
20 62 134557
20 460 18525
20 42 89060
20 80 181724
20 132 74748
20 24 245808
20 146 40693
20 281 5712
20 90 45196
21 48 50005
21 140 15618
21 71 334723
21 47 50005
21 50 366982
21 156 54581
21 67 146084
21 40 423170
21 61 331349
21 100 3256
21 37 465098
21 46 174884
21 128 19038
21 25 277
21 30 226694
21 76 38595
21 280 12635
21 38 100010
21 95 22993
21 44 142000
21 83 375997
21 92 99188
21 54 148586
21 28 79634
21 77 50005
21 32 148828
21 23 372490
21 70 427835
21 29 169444
21 51 21760
21 39 51139
21 241 1140
21 68 1233
21 64 358684
21 56 132369
21 216 1254
21 53 520085
21 41 268013
21 73 28550
21 75 100545
21 60 59346
21 49 50005
21 238 11784
21 62 229132
21 195 55187
21 22 50005
21 80 36718
21 24 270550
21 90 2581
22 48 160560
22 55 172164
22 47 48331
22 121 172213
22 72 381242
22 224 69750
22 147 150045
22 374 29895
22 321 31140
22 81 90550
22 237 50830
22 85 33775
22 246 63420
22 63 54450
22 112 72700
22 170 112253
22 74 244705
22 200 72670
22 158 106020
22 194 86694
22 31 85775
22 27 154976
22 186 133420
22 253 180
22 174 118317
22 28 285744
22 97 13365
22 32 247177
22 145 149510
22 34 243728
22 68 120264
22 65 54600
22 52 167321
22 33 432861
22 226 54240
22 159 147049
22 109 19550
22 168 60600
22 57 208917
22 26 259808
22 49 109900
22 125 36500
22 35 207634
22 43 205011
22 42 226358
22 220 106680
22 66 72288
22 69 72900
22 305 54120
23 48 50005
23 50 96714
23 67 97880
23 40 363153
23 61 27240
23 105 18207
23 37 421243
23 46 227626
23 78 76874
23 25 179910
23 85 60860
23 30 286200
23 126 27285
23 84 80048
23 38 98008
23 91 55516
23 44 385093
23 83 149604
23 92 97090
23 102 16439
23 77 49697
23 32 814070
23 70 96640
23 29 129654
23 51 90117
23 115 34969
23 88 59806
23 34 110353
23 65 284007
23 165 179986
23 53 137801
23 41 145973
23 60 147414
23 26 84529
23 117 73695
23 62 270911
23 35 39091
23 193 43226
23 111 52596
23 132 27659
23 24 149109
24 48 50005
24 140 48408
24 340 19627
24 47 50005
24 50 143615
24 67 98434
24 40 192520
24 37 106499
24 46 175309
24 172 12312
24 25 138627
24 143 85614
24 30 582306
24 133 42705
24 38 4300
24 27 157844
24 44 49997
24 83 100010
24 54 184328
24 28 333614
24 32 50005
24 36 145223
24 70 61855
24 29 425732
24 51 24912
24 173 12445
24 39 281036
24 56 239281
24 179 9310
24 96 58404
24 53 111929
24 41 163044
24 60 19266
24 49 50005
24 62 49793
24 111 12245
24 98 192612
24 135 10393
25 178 2775
25 71 41366
25 50 145082
25 40 24592
25 122 155
25 99 24998
25 61 35631
25 100 33143
25 89 37682
25 37 109164
25 46 162250
25 128 29540
25 78 34346
25 85 20412
25 30 98269
25 84 4352
25 76 42198
25 87 26099
25 95 53335
25 106 48950
25 44 45350
25 54 21300
25 28 115068
25 32 59332
25 36 150927
25 70 28651
25 29 369446
25 51 122594
25 39 60967
25 241 2775
25 65 45234
25 64 77108
25 56 70404
25 139 25
25 53 173630
25 94 24969
25 41 172436
25 75 39886
25 238 10397
25 62 25955
25 80 34965
25 90 36217
26 48 191215
26 47 49936
26 40 99736
26 72 13750
26 63 49855
26 31 83835
26 38 1225
26 27 120921
26 253 1620
26 28 119165
26 32 50005
26 36 1776
26 39 50005
26 34 692869
26 58 115
26 33 199303
26 49 49868
26 35 680973
26 43 554515
26 42 152
26 69 151830
27 110 42108
27 71 62365
27 47 20416
27 50 113256
27 187 42050
27 67 41100
27 421 1643
27 379 2850
27 40 45050
27 99 72600
27 61 55338
27 100 72600
27 157 42050
27 89 72600
27 37 93775
27 46 63738
27 128 42108
27 78 54929
27 30 118260
27 74 77
27 76 42276
27 87 70530
27 95 49806
27 44 72950
27 54 72600
27 28 198654
27 97 79218
27 32 36048
27 93 42050
27 36 6678
27 70 72600
27 29 239070
27 51 26944
27 39 82414
27 34 145251
27 64 69983
27 33 50841
27 53 72600
27 94 65650
27 41 125596
27 73 48103
27 131 42108
27 75 54235
27 60 928
27 86 72250
27 190 42021
27 62 39855
27 35 47119
27 177 42050
27 80 47777
27 90 49123
28 71 42245
28 55 164051
28 50 34085
28 99 118260
28 61 281394
28 37 53449
28 30 773172
28 97 289402
28 29 444285
28 39 76140
28 34 341970
28 52 59049
28 64 18125
28 56 313435
28 53 25399
28 41 63691
28 75 242352
28 60 147420
28 35 102813
28 80 141083
29 340 2546
29 50 62634
29 40 47085
29 37 88808
29 181 5104
29 143 245818
29 30 503
29 54 108921
29 36 56434
29 39 156408
29 41 143704
29 60 117023
29 195 3979
29 111 14791
29 98 54368
30 140 106080
30 340 288
30 50 124832
30 40 50005
30 37 101038
30 143 40237
30 133 42705
30 44 62568
30 83 144399
30 54 317380
30 32 19720
30 36 44671
30 70 205
30 51 10304
30 39 99804
30 103 10296
30 53 205
30 41 105860
30 111 15255
30 98 36400
31 59 26536
31 101 783107
31 290 66415
31 82 1180125
31 79 1490185
31 204 121606
31 196 141624
31 34 46500
31 58 1891609
31 52 48662
31 33 111264
31 35 61248
31 43 47840
31 42 45384
32 48 144605
32 47 65178
32 40 184999
32 105 17537
32 37 64684
32 81 51780
32 359 9414
32 85 40761
32 461 18506
32 454 9414
32 339 2479
32 194 128
32 38 24378
32 408 2479
32 91 22629
32 44 78990
32 77 10773
32 163 2147
32 36 128717
32 332 29478
32 70 50005
32 51 149656
32 39 79120
32 103 6160
32 34 99736
32 68 258081
32 65 54074
32 33 50005
32 53 50005
32 41 50005
32 60 1176
32 49 55272
32 124 22667
32 35 50005
32 43 50005
32 42 152
32 66 137389
32 116 1653
33 48 50005
33 209 15856
33 55 85387
33 121 3790
33 72 249598
33 59 144716
33 144 103563
33 112 18665
33 74 319253
33 158 128
33 253 14400
33 306 53520
33 160 130288
33 34 505394
33 52 144573
33 307 53280
33 314 24642
33 159 24642
33 109 30480
33 242 16707
33 197 131993
33 57 177169
33 35 499137
33 43 322152
33 42 136806
33 69 16225
34 48 97027
34 40 49945
34 72 50005
34 59 633282
34 74 49922
34 38 5206
34 82 25792
34 97 132192
34 39 49868
34 58 45942
34 52 610776
34 242 260
34 57 304525
34 35 77
34 43 260
34 42 589774
35 47 120034
35 72 31200
35 59 395598
35 253 360
35 58 52976
35 52 398595
35 109 10468
35 57 281073
35 125 40050
35 42 662084
35 69 33960
36 208 41268
36 167 7790
36 47 72600
36 67 112227
36 40 121252
36 122 94210
36 138 56220
36 37 83136
36 46 77528
36 85 39648
36 149 41035
36 219 44458
36 382 27590
36 133 114506
36 84 34669
36 87 60425
36 223 33
36 106 91639
36 91 54500
36 44 137973
36 92 103879
36 54 70121
36 301 18524
36 102 30037
36 180 44529
36 77 130911
36 275 1419
36 161 61337
36 51 149214
36 115 16966
36 189 41671
36 130 64825
36 412 24330
36 88 5371
36 39 138020
36 68 129338
36 65 48499
36 300 41695
36 56 6860
36 179 31981
36 424 21453
36 96 66057
36 41 90522
36 60 1400
36 49 80532
36 62 101336
36 124 68660
36 129 64957
36 193 16329
36 98 45557
36 146 30782
36 66 71572
36 278 41292
36 90 81764
36 135 128500
36 116 102417
37 110 33627
37 71 56110
37 50 93635
37 40 246626
37 99 16331
37 61 74350
37 46 63826
37 128 31746
37 78 49001
37 127 1054
37 84 60155
37 87 22453
37 95 43520
37 44 76936
37 83 28661
37 54 100
37 102 28721
37 93 34657
37 70 67763
37 51 102745
37 88 42974
37 39 35663
37 103 1050
37 64 30531
37 56 16020
37 53 80932
37 94 9259
37 41 63128
37 73 43486
37 75 39972
37 60 88433
37 86 525
37 62 59654
37 111 9028
37 80 52180
37 90 22271
38 48 99837
38 47 526180
38 67 99721
38 40 324653
38 120 243766
38 45 1276157
38 63 165126
38 123 382907
38 92 195608
38 77 49697
38 107 88580
38 39 904306
38 68 168755
38 49 534495
38 66 170892
39 67 312509
39 40 143310
39 45 298406
39 44 49967
39 54 49847
39 77 22287
39 96 10013
39 129 22629
40 47 96220
40 50 95626
40 67 131643
40 46 88707
40 289 176
40 44 25653
40 83 96996
40 54 144093
40 77 10545
40 70 99449
40 51 24704
40 68 1392
40 52 50005
40 56 63020
40 53 97955
40 41 235762
40 49 50005
40 146 16872
40 66 22976
41 47 49799
41 136 4816
41 50 41699
41 89 16150
41 46 28712
41 76 9125
41 87 11200
41 95 9046
41 54 22784
41 51 24960
41 295 85
41 64 16650
41 49 49868
42 121 152
42 58 45260
42 52 52
42 43 267179
43 209 19890
43 72 36830
43 59 456334
43 253 540
43 68 154
43 52 586175
43 109 8950
43 242 260
43 49 152
43 62 62
44 46 1925
44 78 1075
44 127 3604
44 54 47779
44 51 25004
44 165 93842
44 60 110821
44 62 62
44 111 46040
44 132 289
45 48 294941
45 113 328662
45 47 555307
45 63 252063
45 104 335576
45 77 314848
45 107 276585
45 68 286957
45 49 629501
45 66 372439
46 50 66700
46 78 70
46 84 8626
46 51 28855
46 60 18738
47 63 181386
47 123 44552
47 104 93839
47 107 81893
47 49 19456
48 499 13926
48 113 90483
48 498 13205
48 81 25758
48 375 17841
48 212 7392
48 63 246027
48 269 42545
48 494 15637
48 253 540
48 104 87168
48 107 68632
48 68 10080
48 369 29108
48 338 500
48 466 17803
48 69 124040
49 63 178258
49 123 92532
49 253 3240
50 71 3315
50 61 34650
50 51 37348
50 56 114195
50 75 21201
50 80 14288
51 142 67727
51 182 31260
51 78 14240
51 85 37888
51 422 15922
51 126 18126
51 119 34424
51 84 50269
51 253 350
51 137 10564
51 191 17423
51 273 13319
51 115 14601
51 227 17128
51 88 91010
51 65 81432
51 293 10535
51 60 16800
51 62 11143
52 158 64
53 178 21447
53 71 20349
53 211 3315
53 83 183580
53 241 16362
54 67 49936
54 234 2035
54 83 50005
54 64 99462
54 98 10013
55 221 141266
55 247 66518
55 312 18202
55 169 166299
55 385 16187
55 249 58603
55 232 61498
55 261 86205
55 449 3756
55 215 158238
55 108 499335
55 299 5586
55 286 52367
55 114 146548
55 415 4970
55 184 82629
55 192 81720
55 329 8229
55 330 40746
56 140 24480
56 83 50005
56 98 19496
57 72 137209
57 246 41670
58 101 83192
58 82 96921
58 79 78474
58 204 34366
58 196 34966
60 140 57900
60 143 9162
61 71 74906
61 187 2257
61 95 788
61 93 37
61 75 1424
61 80 1949
62 67 92437
62 78 85
62 102 10721
63 253 1260
63 104 47570
63 107 49770
64 139 15474
64 73 15448
65 253 350
66 81 11840
66 68 73094
67 106 6525
68 81 8768
70 71 20349
71 110 12996
71 178 361
71 187 2978
71 156 6773
71 99 17100
71 95 20539
71 83 38668
71 380 190
71 93 15551
71 94 20349
71 75 30860
71 378 17290
71 80 20636
72 121 6408
72 74 181944
72 186 55551
72 253 720
72 222 50283
72 145 2720
72 226 32944
72 220 629
74 170 5720
74 158 9920
74 253 720
74 437 5800
75 187 37
75 95 14506
75 80 52259
76 103 725
80 187 740
80 205 1517
80 95 1491
80 210 462
82 101 18633
82 204 5550
82 196 1554
84 126 7942
85 253 340
85 88 28
86 176 180
87 136 5719
87 100 450
88 142 275
88 253 345
88 191 1029
89 176 90
92 189 13561
93 110 5316
93 285 1794
93 190 1091
94 156 2958
95 140 190
95 217 11187
95 241 2736
96 98 10013
99 419 11267
101 196 3996
103 140 36720
104 253 900
105 253 350
106 189 6816
107 253 900
108 229 83361
108 355 19261
108 299 17858
108 350 1957
108 487 1350
108 492 156
108 488 1350
108 354 21394
108 329 1404
110 187 1110
110 230 34340
110 195 34340
112 447 14550
113 253 720
114 370 25954
114 362 31394
114 256 45916
114 475 11223
114 148 62712
114 259 41854
114 317 5472
114 203 121164
114 265 41953
115 152 3650
118 433 12070
119 142 85
119 182 5301
119 422 28
121 237 696
121 170 9450
121 376 1888
121 158 19270
121 194 21338
121 253 540
121 431 11976
121 430 11576
121 145 10856
121 473 9416
121 463 10472
123 253 1080
124 253 170
126 273 817
131 157 74
135 179 20995
137 422 945
140 217 152
140 241 171
140 216 2698
142 227 19
143 340 10323
144 253 720
145 170 44795
145 158 15552
145 194 2032
147 224 44187
148 331 18341
148 386 19132
148 326 14259
148 451 17544
148 467 17800
148 203 50301
148 266 41629
152 155 11220
153 253 350
155 199 11084
156 216 55729
156 195 1124
158 170 37350
158 194 69430
158 253 360
159 253 720
159 314 24642
164 273 817
165 340 2375
165 390 8996
165 216 8823
165 195 37494
166 253 350
169 312 1871
169 449 1878
169 440 3161
169 395 9792
169 471 9101
169 434 3051
169 453 5355
169 491 6102
169 450 6300
169 441 10401
169 448 2922
169 442 7460
169 410 12311
170 194 12856
171 358 6613
171 253 350
171 320 2567
172 173 1507
178 217 425
178 366 17428
178 211 119131
178 241 11072
180 275 32760
182 227 9
184 348 8742
184 361 12351
184 401 8868
184 436 2946
184 192 43100
184 400 15660
184 417 3991
184 347 18703
184 435 9244
184 329 2997
184 443 5943
184 446 7591
184 353 15099
186 226 43877
187 205 1054
187 210 777
189 382 808
190 433 4913
191 264 22
191 253 350
192 486 6222
192 496 6094
192 497 7598
192 404 5338
192 455 6496
192 487 5204
192 393 13158
192 396 15062
192 488 1642
192 394 13438
192 444 13462
193 318 27339
195 340 779
195 390 17646
195 230 86
195 216 53716
196 204 26875
198 253 350
198 391 6568
205 210 18
207 253 350
207 405 12410
208 223 32640
209 367 19890
209 242 19575
211 241 14721
212 269 3709
216 217 7448
216 241 2726
216 230 23009
217 241 3037
217 281 67466
221 247 256
222 248 43666
223 278 35109
224 253 360
226 253 540
227 274 43741
227 422 4161
229 414 12877
229 483 9414
229 482 6142
232 247 17611
237 376 2584
241 366 13383
243 253 170
244 253 1260
245 253 810
249 265 41953
253 257 900
253 287 170
253 343 540
253 279 870
253 283 870
256 370 4513
256 317 41437
259 475 6363
259 266 41629
260 298 3615
262 323 20587
262 346 17289
267 270 1853
267 287 935
267 406 24803
269 328 1548
270 320 12886
270 405 12410
271 293 32674
275 424 1419
284 342 35819
286 484 624
286 349 17328
287 358 14280
287 320 9571
291 481 8152
291 308 9776
291 303 34960
291 479 8760
297 364 30906
299 402 9079
299 401 78
299 350 11192
299 492 6945
299 354 1957
303 308 7416
312 395 11229
312 415 1548
312 450 2218
313 422 952
320 358 952
321 416 1833
321 429 3686
321 445 3154
323 346 5491
325 334 11217
326 331 20392
326 386 8148
327 336 10098
329 348 288
329 401 1822
329 415 1548
329 417 11625
329 432 11036
329 446 2188
331 451 1691
334 392 600
335 407 12103
335 381 5244
339 359 9414
339 363 5871
341 465 18012
344 478 5301
344 411 12236
345 445 14525
347 361 15940
348 352 16664
348 401 6645
348 435 1565
349 484 8788
349 495 7700
350 402 13757
350 492 416
352 353 16664
353 436 1565
354 402 1044
354 492 7205
359 363 12730
360 493 15741
361 443 3130
369 498 1596
371 389 9
372 422 945
372 426 11343
376 403 3106
377 439 14002
378 419 12179
379 421 14829
380 413 5567
383 428 47
383 423 2185
384 456 9547
388 391 13479
389 456 9177
391 463 6568
393 404 10267
393 487 231
393 394 2660
394 496 1504
394 404 8600
395 450 4722
396 455 4880
396 482 4734
400 436 2750
400 443 6961
401 417 7903
402 492 1305
404 486 855
408 454 9414
409 434 12311
409 410 12311
411 478 12226
414 483 6300
414 482 4909
415 449 4225
415 490 6645
415 491 1951
420 459 6821
430 463 416
432 446 11036
434 471 6443
435 436 10809
436 443 3079
438 464 10649
440 441 7460
440 442 10401
441 442 3161
444 455 7405
448 453 9910
449 490 1408
479 481 8760
482 483 1476
484 495 7700
486 487 2992
486 488 6785
487 488 7077
490 491 8053
496 497 7598
110 0 68150
48 0 110902
282 0 72020
176 0 220192
71 0 164951
55 0 22700
47 0 325839
136 0 171783
151 0 34400
50 0 441099
67 0 474438
155 0 115098
40 0 514446
19 0 913102
302 0 55500
122 0 190185
61 0 372300
21 0 886030
100 0 279330
118 0 247564
138 0 175425
157 0 43267
89 0 367113
37 0 336769
11 0 659832
46 0 358062
81 0 129111
120 0 36375
128 0 83085
206 0 139524
17 0 503145
172 0 262594
45 0 53900
78 0 426824
25 0 723262
5 0 809574
2 0 1510808
235 0 117606
85 0 54400
7 0 732851
181 0 19440
63 0 101916
149 0 72523
16 0 1107213
143 0 12810
183 0 112068
30 0 1195101
225 0 52110
126 0 163399
127 0 59720
202 0 144231
133 0 224027
84 0 67375
76 0 547157
87 0 321661
223 0 71557
38 0 502806
95 0 54400
106 0 300258
239 0 48500
27 0 1033195
10 0 652386
91 0 138079
154 0 96715
44 0 355688
83 0 62370
174 0 1080
92 0 284942
54 0 860593
28 0 199964
8 0 492319
3 0 679619
102 0 215841
15 0 1216421
77 0 246739
398 0 9350
228 0 32400
32 0 577310
260 0 84653
18 0 1520415
93 0 69300
23 0 555804
275 0 43500
36 0 693453
161 0 188756
70 0 132912
29 0 1039108
51 0 360310
173 0 261300
115 0 116070
189 0 70972
130 0 328311
6 0 770395
39 0 856502
103 0 202436
34 0 109821
68 0 157585
65 0 124264
52 0 103140
1 0 1234310
64 0 486198
230 0 15175
56 0 558990
33 0 197325
179 0 192011
139 0 216469
14 0 1069691
4 0 617113
152 0 54250
20 0 670403
96 0 470080
109 0 4620
53 0 274926
94 0 103305
41 0 781815
73 0 378133
131 0 83020
75 0 176752
60 0 680280
26 0 380118
49 0 349165
86 0 647211
117 0 54600
62 0 346938
13 0 336710
12 0 419356
129 0 136631
35 0 128340
22 0 575474
43 0 155862
42 0 191160
111 0 361559
9 0 560866
177 0 36500
80 0 108867
98 0 359943
132 0 104490
24 0 1234255
146 0 159108
66 0 202476
69 0 115095
90 0 307547
298 0 57945
135 0 305183
116 0 90250
110 1 54450
48 1 84265
71 1 222640
263 1 25849
55 1 93844
142 1 168856
47 1 368818
151 1 54400
141 1 140276
50 1 601556
67 1 11525
155 1 85285
40 1 227843
72 1 54391
19 1 1162050
122 1 10582
99 1 118763
61 1 349885
21 1 687470
100 1 54000
118 1 53650
138 1 38602
89 1 56675
105 1 286079
37 1 574240
11 1 597658
46 1 560874
199 1 84090
81 1 97769
128 1 54400
17 1 682265
182 1 65461
78 1 228213
264 1 51491
25 1 925060
5 1 1420328
2 1 1233525
171 1 44163
85 1 354183
7 1 1030315
181 1 25524
63 1 117390
149 1 73720
16 1 1235594
153 1 54450
30 1 421622
134 1 72140
127 1 134553
74 1 52107
119 1 186486
84 1 377019
76 1 113599
87 1 105047
213 1 16498
31 1 75555
95 1 347150
106 1 32130
27 1 643652
10 1 788853
91 1 109257
372 1 18012
44 1 521541
174 1 23232
54 1 72550
28 1 43481
137 1 68634
8 1 954365
3 1 1839950
102 1 53848
15 1 1442016
97 1 51535
163 1 78229
191 1 59931
150 1 90350
32 1 608601
18 1 686182
93 1 252481
36 1 267665
70 1 248396
29 1 694420
51 1 317883
273 1 14221
115 1 112488
227 1 13350
88 1 323704
6 1 1292439
39 1 277199
233 1 10771
103 1 35026
34 1 162108
68 1 173244
65 1 340139
52 1 228
64 1 125428
230 1 13694
427 1 11305
56 1 118891
33 1 449012
14 1 1215775
4 1 846534
152 1 129640
20 1 669633
109 1 64242
53 1 434649
94 1 87833
41 1 353125
73 1 227296
57 1 106580
131 1 53550
75 1 367789
166 1 125019
60 1 221436
26 1 584843
49 1 273182
86 1 56000
117 1 120142
